RELEASED OBJECT IN: 
	 Object: /daniel/Desktop/evo_pipe/ycb/054_softball/model.sdf
	 Pose: 0.221077, 0.566902, 0.8
	 Orientation: 
		 Quaternion ->0.108563, -0.459221, -0.834201, 0.285374
		 RPY ->4.12224, 3.22265, 0.615938
CURRENT OBJECT IN: 
	 Pose: 0.270894, 0.482307, 0.754689
	 Orientation: 
		 Quaternion ->0.126737, -0.463399, -0.832002, 0.277436
		 RPY ->1.00158, -0.0462529, -2.52319
ALL GRASPING DATA CALCULATED: 
	 Point 1/5: (-0.0310336,0.043789,0.332068) (-0.0522942,-0.014409,0.347631) (-0.0554717,0.0185662,0.333338) with ranking 11.4283
	 Point 2/5: (-0.0310336,0.043789,0.332068) (-0.0554717,0.0185662,0.333338) (-0.0522942,-0.014409,0.347631) with ranking 11.4283
	 Point 3/5: (-0.00610476,0.0311414,0.33064) (-0.0554717,0.0185662,0.333338) (-0.00801978,-0.00420958,0.334739) with ranking 11.4069
	 Point 4/5: (-0.00610476,0.0311414,0.33064) (-0.00801978,-0.00420958,0.334739) (-0.0554717,0.0185662,0.333338) with ranking 11.4069
	 Point 5/5: (-0.00610476,0.0311414,0.33064) (-0.0312744,-0.0244653,0.351081) (-0.0554717,0.0185662,0.333338) with ranking 11.3985
BEST GRASPING DATA FOUND: 
	 Point: (-0.0310336,0.043789,0.332068) (-0.0522942,-0.014409,0.347631) (-0.0554717,0.0185662,0.333338) with ranking 11.4283
	 Mid Point: 
		 Pose: -0.0424583, 0.0229338, 0.336276
		 Orientation: 
			 Quaternion ->0.636252, 0.42698, 0.57036, -0.295907
			 RPY ->2.57637, -1.36295, 1.64474
Final vector 1: -0.354193 0.277045 -0.893193
Final vector 2: -0.862725 -0.465479 0.197575
Final vector 3: -0.361025 0.840559 0.403883
