RELEASED OBJECT IN: 
	 Object: /daniel/Desktop/evo_pipe/ycb/003_cracker_box/model.sdf
	 Pose: 0.240606, 0.535509, 0.8
	 Orientation: 
		 Quaternion ->-0.102986, 0.968249, 0.185545, 0.132141
		 RPY ->2.78674, 0.298523, 3.29961
CURRENT OBJECT IN: 
	 Pose: 0.196715, 0.536807, 0.835322
	 Orientation: 
		 Quaternion ->-0.510786, -0.485447, -0.508332, -0.495013
		 RPY ->1.56391, -0.038703, 1.55891
ALL GRASPING DATA CALCULATED: 
	 Point 1/5: (-0.00634702,-0.00635023,0.260006) (-0.0315623,0.00631348,0.258462) (-0.0315269,-0.0189174,0.258173) with ranking 12.6241
	 Point 2/5: (-0.00634702,-0.00635023,0.260006) (-0.0315269,-0.0189174,0.258173) (-0.0315623,0.00631348,0.258462) with ranking 12.6241
	 Point 3/5: (-0.00634702,-0.00635023,0.260006) (-0.0435352,0.00640183,0.257915) (-0.0315269,-0.0189174,0.258173) with ranking 12.6106
	 Point 4/5: (-0.00634702,-0.00635023,0.260006) (-0.0315269,-0.0189174,0.258173) (-0.0435352,0.00640183,0.257915) with ranking 12.6106
	 Point 5/5: (-0.00634702,-0.00635023,0.260006) (-0.0315471,-0.00630935,0.258337) (-0.0315471,-0.00630935,0.258337) with ranking 12.6088
BEST GRASPING DATA FOUND: 
	 Point: (-0.00634702,-0.00635023,0.260006) (-0.0315623,0.00631348,0.258462) (-0.0315269,-0.0189174,0.258173) with ranking 12.6241
	 Mid Point: 
		 Pose: -0.0189458, -0.00632609, 0.259162
		 Orientation: 
			 Quaternion ->0.683047, -0.00272748, 0.730368, -0.00151722
			 RPY ->-0.0903179, -1.50359, -3.05299
Final vector 1: 0.00982349 0.0222555 -0.999704
Final vector 2: 0.00178952 -0.999749 -0.0223244
Final vector 3: -0.99995 -0.00156969 -0.00986086
