RELEASED OBJECT IN: 
	 Object: /daniel/Desktop/evo_pipe/ycb/002_master_chef_can/model.sdf
	 Pose: 0.249639, 0.525066, 0.8
	 Orientation: 
		 Quaternion ->0.115306, 0.0938933, -0.0628521, 0.986883
		 RPY ->3.36364, 2.94042, 3.03689
CURRENT OBJECT IN: 
	 Pose: 0.225204, 0.504195, 0.771566
	 Orientation: 
		 Quaternion ->-0.0744012, 0.701025, -0.146478, 0.693954
		 RPY ->-1.55117, 1.25698, -1.65442
ALL GRASPING DATA CALCULATED: 
	 Point 1/5: (0.0399987,0.00605903,0.34022) (-0.0436239,0.0437459,0.340376) (-0.0380023,-0.0301239,0.342813) with ranking 11.4105
	 Point 2/5: (0.0399987,0.00605903,0.34022) (-0.0380023,-0.0301239,0.342813) (-0.0436239,0.0437459,0.340376) with ranking 11.4105
	 Point 3/5: (0.0410629,-0.0061741,0.340107) (-0.0409448,0.0183326,0.340296) (-0.0380023,-0.0301239,0.342813) with ranking 11.3864
	 Point 4/5: (0.0410629,-0.0061741,0.340107) (-0.0380023,-0.0301239,0.342813) (-0.0409448,0.0183326,0.340296) with ranking 11.3864
	 Point 5/5: (0.0314539,0.00616267,0.331749) (-0.0436239,0.0437459,0.340376) (-0.0380023,-0.0301239,0.342813) with ranking 11.3771
BEST GRASPING DATA FOUND: 
	 Point: (0.0399987,0.00605903,0.34022) (-0.0436239,0.0437459,0.340376) (-0.0380023,-0.0301239,0.342813) with ranking 11.4105
	 Mid Point: 
		 Pose: -0.000407215, 0.00643501, 0.340907
		 Orientation: 
			 Quaternion ->0.71307, -0.00569626, 0.701069, 0.000922985
			 RPY ->-2.76769, -1.55253, -0.38326
Final vector 1: -0.035679 -0.0618663 -0.997447
Final vector 2: 0.0098018 -0.998057 0.0615365
Final vector 3: -0.999315 -0.00758122 0.036216
FINAL RESULT: grasp NOT SUCCESSFULCURRENT OBJECT IN: 
	 Pose: 0.232806, 0.568062, 0.771572
	 Orientation: 
		 Quaternion ->-0.0711495, 0.701338, -0.149685, 0.693295
		 RPY ->-1.55095, 1.257, -1.66345
