RELEASED OBJECT IN: 
	 Object: /daniel/Desktop/evo_pipe/ycb/021_bleach_cleanser/model.sdf
	 Pose: 0.254378, 0.574725, 0.8
	 Orientation: 
		 Quaternion ->-0.69949, -0.132806, 0.690578, -0.127194
		 RPY ->0.377087, 1.58569, 3.88849
CURRENT OBJECT IN: 
	 Pose: 0.393717, 0.577828, 0.763312
	 Orientation: 
		 Quaternion ->-0.585517, 0.420801, 0.401711, -0.564556
		 RPY ->1.61062, -0.00471506, -1.24178
ALL GRASPING DATA CALCULATED: 
	 Point 1/5: (-0.0904095,0.0301432,0.364531) (-0.0441481,0.0315416,0.365853) (-0.0440565,0.0188866,0.365097) with ranking 12.3459
	 Point 2/5: (-0.0904095,0.0301432,0.364531) (-0.0440565,0.0188866,0.365097) (-0.0441481,0.0315416,0.365853) with ranking 12.3459
	 Point 3/5: (-0.0904095,0.0301432,0.364531) (-0.0440565,0.0188866,0.365097) (-0.0441481,0.0315416,0.365853) with ranking 12.3459
	 Point 4/5: (-0.0904095,0.0301432,0.364531) (-0.0441481,0.0315416,0.365853) (-0.0440565,0.0188866,0.365097) with ranking 12.3459
	 Point 5/5: (-0.0319039,-0.0185644,0.367341) (-0.0685241,0.0563705,0.365888) (-0.0686751,0.00610562,0.360256) with ranking 12.2763
BEST GRASPING DATA FOUND: 
	 Point: (-0.0904095,0.0301432,0.364531) (-0.0441481,0.0315416,0.365853) (-0.0440565,0.0188866,0.365097) with ranking 12.3459
	 Mid Point: 
		 Pose: -0.0672559, 0.0276786, 0.365003
		 Orientation: 
			 Quaternion ->0.714219, 0.00494819, -0.695443, -0.078901
			 RPY ->-1.73868, 1.4492, 1.29808
Final vector 1: 0.0581557 -0.017352 -0.998157
Final vector 2: -0.106388 0.994047 -0.023479
Final vector 3: 0.992623 0.107557 0.0559635
