RELEASED OBJECT IN: 
	 Object: /daniel/Desktop/evo_pipe/ycb/010_potted_meat_can/model.sdf
	 Pose: 0.256091, 0.555273, 0.8
	 Orientation: 
		 Quaternion ->-0.767061, 0.505474, 0.39095, -0.0571919
		 RPY ->2.52938, 0.572752, 4.93227
CURRENT OBJECT IN: 
	 Pose: 0.249483, 0.487613, 0.790804
	 Orientation: 
		 Quaternion ->0.0238834, -0.693304, -0.720153, -0.011767
		 RPY ->1.53322, 0.0507374, -3.1254
ALL GRASPING DATA CALCULATED: 
	 Point 1/5: (-0.0190501,0.0190522,0.368352) (-0.0442185,0.00631735,0.366405) (-0.0442185,0.00631735,0.366405) with ranking 12.6481
	 Point 2/5: (-0.0316693,0.0190026,0.367393) (-0.0566745,0.00629739,0.365256) (-0.0316697,-0.0190033,0.367397) with ranking 12.5952
	 Point 3/5: (-0.0316693,0.0190026,0.367393) (-0.0316697,-0.0190033,0.367397) (-0.0566745,0.00629739,0.365256) with ranking 12.5952
	 Point 4/5: (-0.0316693,0.0190026,0.367393) (-0.0442171,-0.00631708,0.366392) (-0.0442171,-0.00631708,0.366392) with ranking 12.5596
	 Point 5/5: (-0.0316693,0.0190026,0.367393) (-0.0316718,-0.00633484,0.367426) (-0.0566797,-0.00629809,0.365289) with ranking 12.5441
BEST GRASPING DATA FOUND: 
	 Point: (-0.0190501,0.0190522,0.368352) (-0.0442185,0.00631735,0.366405) (-0.0442185,0.00631735,0.366405) with ranking 12.6481
	 Mid Point: 
		 Pose: -0.0316343, 0.0126848, 0.367379
		 Orientation: 
			 Quaternion ->0.657351, 0.182941, 0.716903, -0.143081
			 RPY ->0.822771, -1.46941, 2.78468
Final vector 1: 0 0 -1
Final vector 2: -0.450599 -0.892727 0
Final vector 3: -0.892727 0.450599 0
