RELEASED OBJECT IN: 
	 Object: /daniel/Desktop/evo_pipe/ycb/007_tuna_fish_can/model.sdf
	 Pose: 0.247909, 0.529786, 0.8
	 Orientation: 
		 Quaternion ->-0.360154, 0.134893, -0.244925, 0.890003
		 RPY ->5.49568, 0.0637321, 5.7196
CURRENT OBJECT IN: 
	 Pose: 0.244456, 0.52127, 0.74355
	 Orientation: 
		 Quaternion ->0.000195603, -0.00112785, -0.353072, 0.935595
		 RPY ->0.00116244, -0.0019723, -0.721708
ALL GRASPING DATA CALCULATED: 
	 Point 1/5: (-0.0185452,0.0938557,0.391157) (-0.0308649,0.069029,0.390598) (-0.0561602,0.0565882,0.388548) with ranking 11.6205
	 Point 2/5: (-0.0185452,0.0938557,0.391157) (-0.0561602,0.0565882,0.388548) (-0.0308649,0.069029,0.390598) with ranking 11.6205
	 Point 3/5: (-0.0185452,0.0938557,0.391157) (-0.0308649,0.069029,0.390598) (-0.0564433,0.0687426,0.388976) with ranking 11.5667
	 Point 4/5: (-0.0185452,0.0938557,0.391157) (-0.0564433,0.0687426,0.388976) (-0.0308649,0.069029,0.390598) with ranking 11.5667
	 Point 5/5: (-0.0185452,0.0938557,0.391157) (-0.0561602,0.0565882,0.388548) (-0.0312038,0.0441407,0.389623) with ranking 11.5543
BEST GRASPING DATA FOUND: 
	 Point: (-0.0185452,0.0938557,0.391157) (-0.0308649,0.069029,0.390598) (-0.0561602,0.0565882,0.388548) with ranking 11.6205
	 Mid Point: 
		 Pose: -0.0310289, 0.0783321, 0.390365
		 Orientation: 
			 Quaternion ->0.619608, 0.310189, 0.655571, -0.300158
			 RPY ->0.718419, -1.51799, -2.96719
Final vector 1: -0.0259906 0.0474837 -0.998534
Final vector 2: -0.778647 -0.627388 -0.00961515
Final vector 3: -0.626925 0.777256 0.0532793
