RELEASED OBJECT IN: 
	 Object: /daniel/Desktop/evo_pipe/ycb/011_banana/model.sdf
	 Pose: 0.234774, 0.56409, 0.8
	 Orientation: 
		 Quaternion ->-0.899095, -0.410432, 0.150263, -0.0243875
		 RPY ->0.0831633, 2.84714, 4.01042
CURRENT OBJECT IN: 
	 Pose: 0.26193, 0.575177, 0.771384
	 Orientation: 
		 Quaternion ->-0.916592, -0.370898, 0.108954, -0.102096
		 RPY ->3.03075, 0.279076, 0.753431
ALL GRASPING DATA CALCULATED: 
	 Point 1/5: (-0.051412,0.0480653,0.388475) (-0.0829188,0.0433946,0.388789) (-0.106315,0.0910277,0.385836) with ranking 12.5098
	 Point 2/5: (-0.051412,0.0480653,0.388475) (-0.106315,0.0910277,0.385836) (-0.0829188,0.0433946,0.388789) with ranking 12.5098
	 Point 3/5: (-0.051412,0.0480653,0.388475) (-0.0768551,0.034635,0.38882) (-0.106315,0.0910277,0.385836) with ranking 12.4436
	 Point 4/5: (-0.051412,0.0480653,0.388475) (-0.106315,0.0910277,0.385836) (-0.0768551,0.034635,0.38882) with ranking 12.4436
	 Point 5/5: (-0.051412,0.0480653,0.388475) (-0.0829188,0.0433946,0.388789) (-0.0939871,0.0810215,0.383654) with ranking 12.345
BEST GRASPING DATA FOUND: 
	 Point: (-0.051412,0.0480653,0.388475) (-0.0829188,0.0433946,0.388789) (-0.106315,0.0910277,0.385836) with ranking 12.5098
	 Mid Point: 
		 Pose: -0.0730145, 0.0576382, 0.387894
		 Orientation: 
			 Quaternion ->0.682063, -0.149986, 0.701384, 0.142672
			 RPY ->-0.570352, -1.54158, -2.98818
Final vector 1: -0.0649921 -0.0455787 -0.996844
Final vector 2: 0.40699 -0.913307 0.0151508
Final vector 3: -0.911115 -0.404721 0.0779078
