RELEASED OBJECT IN: 
	 Object: /daniel/Desktop/evo_pipe/ycb/002_master_chef_can/model.sdf
	 Pose: 0.230935, 0.560258, 0.8
	 Orientation: 
		 Quaternion ->0.377948, -0.808914, 0.00486459, 0.450322
		 RPY ->2.63152, 5.46161, 4.24192
CURRENT OBJECT IN: 
	 Pose: 0.345968, 0.537164, 0.783682
	 Orientation: 
		 Quaternion ->0.679768, -0.189169, -0.653529, 0.273916
		 RPY ->1.56392, 0.902476, -1.45072
ALL GRASPING DATA CALCULATED: 
	 Point 1/5: (-0.0082433,0.0189618,0.341323) (-0.0733763,0.05664,0.326031) (-0.0884907,0.0177596,0.334798) with ranking 11.495
	 Point 2/5: (-0.0082433,0.0189618,0.341323) (-0.0884907,0.0177596,0.334798) (-0.0733763,0.05664,0.326031) with ranking 11.495
	 Point 3/5: (-0.0082433,0.0189618,0.341323) (-0.0798388,0.0560722,0.331125) (-0.0884907,0.0177596,0.334798) with ranking 11.4761
	 Point 4/5: (-0.0082433,0.0189618,0.341323) (-0.0884907,0.0177596,0.334798) (-0.0798388,0.0560722,0.331125) with ranking 11.4761
	 Point 5/5: (-0.0082433,0.0189618,0.341323) (-0.074146,0.0452242,0.325438) (-0.0882857,0.0270171,0.335773) with ranking 11.453
BEST GRASPING DATA FOUND: 
	 Point: (-0.0082433,0.0189618,0.341323) (-0.0733763,0.05664,0.326031) (-0.0884907,0.0177596,0.334798) with ranking 11.495
	 Mid Point: 
		 Pose: -0.0445884, 0.0280808, 0.335869
		 Orientation: 
			 Quaternion ->0.64844, -0.0866368, 0.751496, 0.0852864
			 RPY ->-0.135298, -1.42491, 3.0325
Final vector 1: -0.251555 0.0392107 -0.967048
Final vector 2: 0.241454 -0.965043 -0.101938
Final vector 3: -0.937241 -0.259141 0.233294
FINAL RESULT: grasp NOT SUCCESSFUL