ALL GRASPING DATA CALCULATED: 
	 Point 1/5: (-0.0198688,-0.00640957,0.342016) (-0.10043,-0.00288358,0.334443) (-0.0862942,-0.0326263,0.325431) with ranking 11.5161
	 Point 2/5: (-0.0198688,-0.00640957,0.342016) (-0.0862942,-0.0326263,0.325431) (-0.10043,-0.00288358,0.334443) with ranking 11.5161
	 Point 3/5: (-0.0198688,-0.00640957,0.342016) (-0.101248,0.00727281,0.334393) (-0.0859478,-0.0440992,0.32581) with ranking 11.4874
	 Point 4/5: (-0.0198688,-0.00640957,0.342016) (-0.0859478,-0.0440992,0.32581) (-0.101248,0.00727281,0.334393) with ranking 11.4874
	 Point 5/5: (-0.02431,0.00331431,0.336844) (-0.101763,0.0192918,0.333321) (-0.0862942,-0.0326263,0.325431) with ranking 11.4844
BEST GRASPING DATA FOUND: 
	 Point: (-0.0198688,-0.00640957,0.342016) (-0.10043,-0.00288358,0.334443) (-0.0862942,-0.0326263,0.325431) with ranking 11.5161
	 Mid Point: 
		 Pose: -0.0566153, -0.0120823, 0.335977
		 Orientation: 
			 Quaternion ->0.64602, 0.0498882, 0.759484, -0.0579035
			 RPY ->0.00601747, -1.40976, -2.99452
Final vector 1: 0.332034 0.0607908 -0.941307
Final vector 2: -0.150601 -0.981704 -0.116522
Final vector 3: -0.931168 0.180451 -0.316804
