RELEASED OBJECT IN: 
	 Object: /daniel/Desktop/evo_pipe/ycb/001_chips_can/model.sdf
	 Pose: 0.254503, 0.572224, 0.8
	 Orientation: 
		 Quaternion ->0.358602, -0.571133, 0.612121, 0.412939
		 RPY ->4.93308, 5.1382, 2.90724
CURRENT OBJECT IN: 
	 Pose: 0.268847, 0.565653, 0.788454
	 Orientation: 
		 Quaternion ->0.455524, -0.548011, 0.515572, 0.475781
		 RPY ->-1.68904, -1.43786, -3.07617
ALL GRASPING DATA CALCULATED: 
	 Point 1/5: (0.0439193,0.0648818,0.358547) (0.0563924,0.00352163,0.363854) (0.0303994,0.0013574,0.36353) with ranking 11.6586
	 Point 2/5: (0.0439193,0.0648818,0.358547) (0.0303994,0.0013574,0.36353) (0.0563924,0.00352163,0.363854) with ranking 11.6586
	 Point 3/5: (0.0439193,0.0648818,0.358547) (0.106061,0.00752418,0.365286) (-0.0184655,0.00336256,0.353549) with ranking 11.6582
	 Point 4/5: (0.0439193,0.0648818,0.358547) (-0.0184655,0.00336256,0.353549) (0.106061,0.00752418,0.365286) with ranking 11.6582
	 Point 5/5: (0.0439193,0.0648818,0.358547) (0.0434524,0.00231392,0.363743) (0.0434524,0.00231392,0.363743) with ranking 11.6534
BEST GRASPING DATA FOUND: 
	 Point: (0.0439193,0.0648818,0.358547) (0.0563924,0.00352163,0.363854) (0.0303994,0.0013574,0.36353) with ranking 11.6586
	 Mid Point: 
		 Pose: 0.0436576, 0.0336606, 0.361119
		 Orientation: 
			 Quaternion ->0.503651, 0.536093, 0.497607, -0.459703
			 RPY ->2.43241, -1.46237, 2.2745
Final vector 1: -0.0841431 -0.0251863 -0.996135
Final vector 2: -0.996427 -0.00525052 0.0843005
Final vector 3: -0.00735345 0.999669 -0.0246545
